000011 419.00 17.00 8.18 46.78
000011 439.00 20.00 8.50 44.98
000011 442.00 28.00 8.38 45.65
000011 442.00 17.00 8.35 45.80
000011 611.00 206.00 15.00 25.50
000011 659.00 27.00 5.27 72.62
000011 659.00 27.00 5.27 72.62
000011 671.00 54.00 5.79 66.01
000011 680.00 89.00 7.39 51.75
000011 680.00 89.00 7.39 51.75
000011 682.00 43.00 6.92 55.23
000011 710.00 71.00 8.90 42.99
000011 710.00 71.00 8.90 42.99
000011 852.00 223.00 21.80 17.55
000011 712.00 146.00 8.93 42.82
000011 714.00 137.00 9.38 40.78
000011 72.00 156.00 15.08 25.36
000011 716.00 128.00 9.66 39.60
000011 716.00 128.00 9.66 39.60
000011 179.00 183.00 7.71 49.63
000011 179.00 183.00 7.71 49.63
000011 175.00 188.00 6.19 61.80
000011 723.00 96.00 9.30 41.13
000011 723.00 27.00 9.64 39.68
000011 725.00 65.00 9.91 38.59
000011 828.00 194.00 23.26 16.44
000011 727.00 100.00 9.44 40.52
000011 80.00 155.00 15.32 24.97
000011 729.00 43.00 9.47 40.38
000011 731.00 128.00 10.00 38.24
000011 733.00 134.00 10.09 37.90
000011 738.00 50.00 9.45 40.47
000011 738.00 62.00 9.87 38.75
000011 738.00 62.00 9.87 38.75
000011 739.00 130.00 10.04 38.08
000011 739.00 130.00 10.04 38.08
000011 740.00 137.00 10.29 37.17
000011 742.00 51.00 9.91 38.59
000011 743.00 98.00 9.85 38.84
000011 743.00 98.00 9.85 38.84
000011 749.00 59.00 9.99 38.28
000011 750.00 97.00 9.58 39.92
000011 756.00 47.00 9.84 38.85
000011 761.00 47.00 10.17 37.59
000011 762.00 35.00 10.16 37.63
000011 765.00 241.00 23.75 16.10
000011 765.00 241.00 23.75 16.10
000011 765.00 56.00 10.26 37.27
000011 765.00 56.00 10.26 37.27
000011 766.00 44.00 10.03 38.14
000011 766.00 50.00 10.12 37.80
000011 800.00 218.00 16.86 22.68
000011 798.00 92.00 17.63 21.69
000011 798.00 92.00 17.63 21.69
000011 781.00 204.00 18.49 20.68
000011 785.00 195.00 18.65 20.50
000011 788.00 247.00 22.12 17.29
000011 794.00 216.00 16.75 22.84
000011 766.00 39.00 10.52 36.34
000011 807.00 98.00 17.84 21.44
000011 434.00 19.00 8.24 46.41
000011 435.00 19.00 8.36 45.77
000011 754.00 37.00 10.15 37.67
000011 753.00 47.00 9.87 38.73
000011 668.00 44.00 5.66 67.62
000011 751.00 52.00 9.81 38.97
000011 670.00 75.00 5.65 67.67
000011 673.00 42.00 6.11 62.57
000011 678.00 48.00 6.58 58.16
000011 606.00 216.00 15.13 25.27
000011 602.00 193.00 15.88 24.09
000011 151.00 142.00 14.97 25.55
000011 599.00 206.00 15.94 23.99
000011 683.00 94.00 7.37 51.92
000011 683.00 86.00 7.11 53.77
000011 728.00 54.00 9.51 40.23
000011 728.00 54.00 9.51 40.23
000011 727.00 156.00 9.11 42.00
000011 725.00 53.00 9.54 40.09
000011 723.00 45.00 9.49 40.31
000011 723.00 45.00 9.49 40.31
000011 841.00 220.00 20.86 18.33
000011 718.00 45.00 9.26 41.29
000011 718.00 45.00 9.26 41.29
000011 717.00 146.00 8.94 42.79
000011 717.00 142.00 9.09 42.07
000011 716.00 133.00 9.85 38.81
000011 847.00 238.00 22.87 16.73
000011 546.00 13.00 5.59 68.43
000011 546.00 26.00 5.25 72.87
000011 429.00 5.00 8.04 47.56
000011 712.00 49.00 9.28 41.22
000011 510.00 13.00 7.85 48.70
000011 551.00 33.00 5.24 72.95
000011 739.00 39.00 9.74 39.27
000011 831.00 197.00 22.47 17.02
000011 830.00 197.00 21.46 17.82
000011 777.00 174.00 18.29 20.91
000012 973.00 151.00 18.88 20.36
000012 897.00 185.00 14.09 27.28
000012 891.00 168.00 12.81 30.01
000012 897.00 173.00 13.23 29.06
000012 890.00 117.00 15.30 25.12
000012 897.00 148.00 13.44 28.61
000012 898.00 177.00 11.12 34.56
000012 294.00 25.00 9.55 40.24
000012 294.00 25.00 9.65 39.85
000012 899.00 141.00 13.36 28.78
000012 886.00 124.00 13.79 27.87
000012 901.00 111.00 15.75 24.41
000012 885.00 144.00 12.88 29.85
000012 300.00 23.00 8.31 46.23
000012 885.00 144.00 12.88 29.85
000012 904.00 187.00 14.42 26.65
000012 904.00 167.00 14.48 26.55
000012 904.00 167.00 14.48 26.55
000012 904.00 167.00 14.48 26.55
000012 881.00 95.00 11.74 32.74
000012 1213.00 209.00 38.82 9.90
000012 908.00 163.00 14.32 26.84
000012 1180.00 158.00 33.71 11.40
000012 911.00 167.00 14.60 26.33
000012 1172.00 195.00 37.20 10.33
000012 916.00 167.00 15.60 24.64
000012 916.00 167.00 15.60 24.64
000012 916.00 167.00 15.60 24.64
000012 867.00 65.00 10.97 35.04
000012 867.00 78.00 10.67 36.04
000012 867.00 53.00 11.01 34.90
000012 918.00 182.00 14.97 25.68
000012 920.00 185.00 15.21 25.26
000012 864.00 59.00 11.04 34.81
000012 1151.00 99.00 30.50 12.60
000012 542.00 22.00 5.17 74.29
000012 864.00 59.00 10.67 36.03
000012 545.00 15.00 5.35 71.79
000012 546.00 7.00 5.58 68.87
000012 546.00 7.00 5.58 68.87
000012 549.00 16.00 5.42 70.97
000012 1141.00 154.00 30.91 12.43
000012 552.00 38.00 5.72 67.21
000012 863.00 95.00 10.75 35.76
000012 863.00 95.00 10.75 35.76
000012 555.00 35.00 5.65 68.05
000012 555.00 35.00 5.65 68.05
000012 863.00 4.00 10.43 36.86
000012 863.00 4.00 10.43 36.86
000012 863.00 73.00 10.57 36.35
000012 557.00 39.00 5.70 67.47
000012 557.00 39.00 5.70 67.47
000012 558.00 58.00 5.40 71.23
000012 559.00 43.00 5.25 73.28
000012 560.00 44.00 4.95 77.59
000012 1130.00 223.00 34.62 11.10
000012 1129.00 239.00 35.01 10.98
000012 1129.00 217.00 34.60 11.11
000012 565.00 63.00 5.28 72.79
000012 1126.00 243.00 33.70 11.41
000012 859.00 68.00 10.71 35.88
000012 573.00 51.00 5.02 76.53
000012 573.00 51.00 5.02 76.53
000012 1125.00 222.00 34.31 11.20
000012 1108.00 144.00 28.77 13.36
000012 1106.00 125.00 29.07 13.22
000012 857.00 16.00 9.99 38.49
000012 1104.00 118.00 28.60 13.44
000012 1103.00 137.00 29.20 13.16
000012 1103.00 137.00 28.88 13.31
000012 613.00 138.00 5.29 72.70
000012 855.00 116.00 10.77 35.67
000012 1098.00 235.00 31.00 12.40
000012 854.00 12.00 10.00 38.43
000012 854.00 12.00 10.00 38.43
000012 854.00 78.00 10.06 38.21
000012 853.00 19.00 9.66 39.79
000012 850.00 74.00 9.72 39.55
000012 850.00 45.00 9.67 39.74
000012 1076.00 70.00 27.58 13.94
000012 1075.00 240.00 29.20 13.16
000012 1075.00 240.00 29.20 13.16
000012 847.00 12.00 9.23 41.64
000012 1070.00 233.00 28.76 13.37
000012 1070.00 233.00 28.76 13.37
000012 846.00 83.00 9.46 40.64
000012 846.00 83.00 9.46 40.64
000012 846.00 83.00 9.46 40.64
000012 1069.00 29.00 26.74 14.37
000012 1069.00 29.00 26.74 14.37
000012 1069.00 226.00 29.09 13.21
000012 1069.00 220.00 27.98 13.74
000012 1067.00 40.00 26.09 14.73
000012 846.00 20.00 9.41 40.83
000012 846.00 41.00 9.38 40.98
000012 845.00 100.00 9.40 40.90
000012 845.00 72.00 9.45 40.66
000012 1063.00 228.00 28.23 13.61
000012 1063.00 229.00 28.19 13.64
000012 1062.00 224.00 28.11 13.67
000012 1062.00 224.00 28.11 13.67
000012 843.00 146.00 10.66 36.05
000012 1060.00 162.00 25.74 14.93
000012 1060.00 40.00 25.73 14.94
000012 1055.00 239.00 27.85 13.80
000012 1053.00 234.00 27.70 13.88
000012 839.00 25.00 8.99 42.75
000012 1050.00 66.00 26.70 14.40
000012 1050.00 66.00 26.70 14.40
000012 1049.00 220.00 27.36 14.05
000012 1049.00 220.00 27.36 14.05
000012 1049.00 215.00 27.42 14.02
000012 933.00 166.00 16.23 23.68
000012 1047.00 53.00 25.71 14.95
000012 838.00 6.00 9.17 41.92
000012 934.00 160.00 17.01 22.60
000012 837.00 16.00 9.08 42.35
000012 934.00 152.00 16.61 23.14
000012 836.00 133.00 10.91 35.24
000012 934.00 171.00 16.74 22.95
000012 1042.00 72.00 24.13 15.93
000012 835.00 90.00 8.52 45.10
000012 1041.00 255.00 30.56 12.58
000012 1041.00 238.00 25.98 14.79
000012 833.00 80.00 8.34 46.07
000012 832.00 135.00 10.92 35.21
000012 832.00 86.00 8.83 43.54
000012 1035.00 24.00 23.42 16.41
000012 830.00 10.00 8.99 42.77
000012 1033.00 69.00 23.86 16.11
000012 826.00 91.00 8.13 47.30
000012 941.00 156.00 16.79 22.90
000012 1032.00 64.00 23.58 16.30
000012 1030.00 62.00 23.41 16.42
000012 825.00 82.00 7.26 52.93
000012 1030.00 62.00 23.41 16.42
000012 1029.00 76.00 23.20 16.57
000012 942.00 176.00 16.99 22.62
000012 1025.00 81.00 26.65 14.43
000012 1022.00 254.00 30.09 12.77
000012 1021.00 94.00 26.80 14.34
000012 820.00 138.00 9.55 40.25
000012 1017.00 92.00 26.98 14.24
000012 816.00 49.00 7.39 52.01
000012 1012.00 26.00 21.45 17.92
000012 1012.00 26.00 21.45 17.92
000012 947.00 62.00 16.97 22.65
000012 947.00 62.00 16.97 22.65
000012 1009.00 197.00 22.22 17.30
000012 948.00 151.00 17.64 21.79
000012 811.00 36.00 7.46 51.51
000012 811.00 140.00 8.96 42.91
000012 1004.00 80.00 20.52 18.73
000012 1001.00 191.00 20.77 18.50
000012 1000.00 208.00 21.75 17.67
000012 810.00 135.00 5.65 68.05
000012 809.00 146.00 9.84 39.08
000012 998.00 198.00 21.17 18.15
000012 997.00 183.00 20.62 18.64
000012 996.00 62.00 20.84 18.44
000012 994.00 195.00 21.04 18.27
000012 989.00 186.00 20.49 18.76
000012 989.00 61.00 19.27 19.94
000012 989.00 61.00 19.27 19.94
000012 802.00 32.00 5.74 66.91
000012 989.00 87.00 20.77 18.51
000012 987.00 156.00 19.73 19.48
000012 986.00 132.00 19.91 19.30
000012 801.00 82.00 4.99 77.02
000012 984.00 173.00 20.21 19.02
000012 982.00 121.00 19.73 19.48
000012 977.00 145.00 19.55 19.66
000012 977.00 145.00 19.55 19.66
000012 798.00 97.00 5.19 74.06
000012 798.00 97.00 5.19 74.06
000012 970.00 93.00 18.99 20.24
000012 959.00 23.00 17.45 22.02
000012 787.00 95.00 5.36 71.72
000012 898.00 38.00 13.44 28.60
000012 1079.00 20.00 27.41 14.02
000012 1075.00 219.00 29.03 13.24
000012 1067.00 241.00 28.05 13.70
000012 1066.00 17.00 26.44 14.54
000012 839.00 84.00 9.21 41.73
000012 839.00 84.00 9.21 41.73
000012 834.00 129.00 11.23 34.24
000012 833.00 77.00 9.10 42.25
000012 1027.00 70.00 22.71 16.92
000012 1027.00 59.00 23.08 16.65
000012 1026.00 74.00 23.01 16.70
000012 1005.00 195.00 21.75 17.68
000012 950.00 148.00 17.71 21.71
000012 994.00 153.00 20.08 19.14
000012 931.00 41.00 16.16 23.79
000012 808.00 64.00 5.96 64.46
000012 1111.00 261.00 32.61 11.79
000012 1030.00 100.00 27.26 14.10
000012 1029.00 99.00 26.62 14.44
000012 1145.00 249.00 34.16 11.25
000012 544.00 25.00 5.02 76.56
000012 1023.00 259.00 31.11 12.36
000012 544.00 25.00 5.02 76.56
000012 1044.00 210.00 26.54 14.48
000012 982.00 157.00 19.99 19.23
000012 841.00 76.00 8.85 43.42
000012 299.00 28.00 9.48 40.55
000012 881.00 179.00 12.78 30.07
000012 958.00 19.00 17.67 21.75
000012 1190.00 267.00 36.98 10.39
000012 1058.00 238.00 27.69 13.88
000012 963.00 4.00 18.10 21.24
000013 662.00 63.00 7.89 48.00
000013 662.00 69.00 7.39 51.29
000013 658.00 273.00 43.24 8.76
000013 658.00 273.00 43.24 8.76
000013 656.00 70.00 7.71 49.13
000013 665.00 59.00 7.98 47.45
000013 665.00 234.00 44.01 8.61
000013 648.00 264.00 42.06 9.01
000013 648.00 278.00 41.40 9.15
000013 648.00 278.00 41.40 9.15
000013 648.00 305.00 46.32 8.18
000013 665.00 234.00 44.01 8.61
000013 627.00 82.00 8.63 43.90
000013 622.00 298.00 45.49 8.33
000013 622.00 298.00 45.49 8.33
000013 669.00 297.00 44.96 8.43
000013 671.00 54.00 7.59 49.88
000013 674.00 251.00 44.34 8.54
000013 674.00 255.00 44.68 8.48
000013 675.00 50.00 7.83 48.35
000013 679.00 54.00 7.83 48.37
000013 680.00 45.00 7.44 50.93
000013 680.00 287.00 46.48 8.15
000013 682.00 75.00 7.94 47.69
000013 688.00 44.00 7.78 48.67
000013 564.00 312.00 49.66 7.63
000013 690.00 34.00 7.63 49.62
000013 690.00 65.00 7.46 50.79
000013 691.00 36.00 7.63 49.64
000013 692.00 43.00 7.65 49.54
000013 692.00 43.00 7.65 49.54
000013 693.00 33.00 7.66 49.46
000013 696.00 46.00 7.61 49.75
000013 541.00 55.00 20.70 18.30
000013 706.00 60.00 7.49 50.58
000013 709.00 286.00 43.17 8.77
000013 709.00 34.00 7.53 50.29
000013 709.00 34.00 7.53 50.29
000013 710.00 47.00 7.63 49.67
000013 710.00 47.00 7.63 49.67
000013 715.00 37.00 7.74 48.93
000013 715.00 287.00 42.98 8.81
000013 718.00 65.00 7.45 50.88
000013 718.00 69.00 7.99 47.39
000013 719.00 43.00 7.69 49.29
000013 719.00 43.00 7.69 49.29
000013 723.00 232.00 43.73 8.66
000013 723.00 232.00 43.73 8.66
000013 726.00 276.00 43.21 8.77
000013 726.00 276.00 43.21 8.77
000013 726.00 261.00 43.50 8.71
000013 726.00 261.00 43.50 8.71
000013 733.00 276.00 43.49 8.71
000013 733.00 276.00 43.49 8.71
000013 737.00 292.00 44.04 8.60
000013 739.00 287.00 43.88 8.63
000013 739.00 287.00 43.88 8.63
000013 741.00 272.00 42.01 9.02
000013 459.00 268.00 39.62 9.56
000013 456.00 209.00 32.41 11.69
000013 456.00 209.00 32.41 11.69
000013 744.00 281.00 43.66 8.68
000013 744.00 281.00 43.66 8.68
000013 447.00 275.00 40.04 9.46
000013 447.00 275.00 40.04 9.46
000013 749.00 46.00 7.62 49.71
000013 433.00 186.00 31.21 12.14
000013 771.00 241.00 41.78 9.07
000013 429.00 271.00 39.97 9.48
000013 772.00 20.00 9.09 41.68
000013 774.00 37.00 8.13 46.60
000013 777.00 43.00 8.69 43.59
000013 777.00 23.00 9.42 40.23
000013 777.00 23.00 9.42 40.23
000013 778.00 42.00 8.53 44.41
000013 781.00 26.00 8.85 42.82
000013 1128.00 75.00 17.45 21.70
000013 793.00 28.00 9.02 41.98
000013 800.00 272.00 38.17 9.92
000013 388.00 289.00 44.14 8.58
000013 800.00 272.00 38.17 9.92
000013 371.00 272.00 43.59 8.69
000013 808.00 252.00 37.86 10.00
000013 809.00 226.00 37.81 10.02
000013 809.00 270.00 38.96 9.72
000013 809.00 270.00 39.14 9.68
000013 365.00 286.00 43.77 8.65
000013 811.00 260.00 37.54 10.09
000013 362.00 275.00 42.63 8.89
000013 818.00 265.00 37.74 10.04
000013 351.00 280.00 43.29 8.75
000013 832.00 243.00 38.95 9.73
000013 837.00 240.00 38.65 9.80
000013 844.00 269.00 39.22 9.66
000013 851.00 244.00 38.55 9.83
000013 334.00 281.00 41.28 9.18
000013 860.00 266.00 39.82 9.51
000013 860.00 266.00 39.82 9.51
000013 966.00 137.00 17.59 21.53
000013 285.00 294.00 46.52 8.14
000013 983.00 100.00 10.30 36.79
000013 1008.00 136.00 18.06 20.98
000013 425.00 260.00 39.62 9.56
000013 374.00 268.00 42.59 8.89
000013 658.00 67.00 7.83 48.37
000013 273.00 269.00 45.93 8.25
000013 805.00 334.00 55.13 6.87
000013 371.00 286.00 43.09 8.79
000013 653.00 274.00 41.91 9.04
000013 434.00 270.00 39.05 9.70
000013 809.00 237.00 37.90 9.99
000013 419.00 272.00 39.57 9.57
000013 643.00 281.00 41.49 9.13
000013 360.00 286.00 42.76 8.86
000013 359.00 282.00 41.93 9.03
000013 666.00 75.00 7.38 51.31
000013 630.00 313.00 49.57 7.64
000013 957.00 133.00 16.10 23.53
000013 784.00 43.00 8.82 42.93
000013 470.00 63.00 18.13 20.89
000013 671.00 50.00 7.65 49.51
000013 672.00 72.00 7.78 48.70
000013 730.00 254.00 43.64 8.68
000013 725.00 74.00 7.76 48.84
000013 674.00 68.00 7.75 48.85
000013 341.00 281.00 41.29 9.17
000013 723.00 280.00 43.01 8.81
000013 714.00 284.00 43.34 8.74
000013 713.00 60.00 7.46 50.80
000013 402.00 278.00 44.70 8.47
000013 689.00 46.00 7.80 48.53
000013 690.00 48.00 7.71 49.14
000013 693.00 39.00 7.68 49.33
000013 744.00 246.00 43.43 8.72
000013 395.00 291.00 44.04 8.60
000013 1216.00 358.00 83.74 4.52
000013 667.00 51.00 7.56 50.13
000013 667.00 67.00 7.66 49.43
000013 711.00 31.00 7.61 49.79
000013 817.00 151.00 28.94 13.09
000013 666.00 312.00 48.48 7.81
000013 479.00 256.00 35.21 10.76
000013 611.00 290.00 43.54 8.70
000013 497.00 321.00 52.46 7.22
000013 370.00 251.00 43.22 8.76
000013 602.00 315.00 49.93 7.59
000014 299.00 74.00 23.93 15.83
000014 239.00 180.00 21.39 17.71
000014 238.00 115.00 22.86 16.57
000014 369.00 125.00 20.57 18.42
000014 380.00 37.00 21.40 17.70
000014 382.00 83.00 18.83 20.12
000014 382.00 83.00 18.83 20.12
000014 383.00 117.00 20.96 18.07
000014 389.00 117.00 21.38 17.71
000014 230.00 46.00 22.15 17.10
000014 230.00 46.00 22.15 17.10
000014 369.00 125.00 20.57 18.42
000014 394.00 10.00 22.24 17.03
000014 400.00 54.00 21.39 17.71
000014 402.00 7.00 22.12 17.12
000014 297.00 124.00 22.20 17.06
000014 412.00 125.00 19.74 19.19
000014 296.00 190.00 22.75 16.65
000014 426.00 32.00 22.36 16.94
000014 295.00 178.00 22.61 16.76
000014 441.00 45.00 21.62 17.52
000014 450.00 23.00 19.96 18.98
000014 458.00 207.00 20.86 18.16
000014 358.00 165.00 21.07 17.97
000014 252.00 132.00 22.32 16.97
000014 477.00 102.00 17.85 21.22
000014 477.00 102.00 17.85 21.22
000014 254.00 220.00 15.07 25.13
000014 477.00 102.00 17.85 21.22
000014 477.00 102.00 17.85 21.22
000014 477.00 102.00 17.85 21.22
000014 478.00 121.00 17.76 21.33
000014 30.00 120.00 18.88 20.06
000014 190.00 147.00 16.26 23.30
000014 292.00 166.00 22.61 16.75
000014 350.00 157.00 20.88 18.14
000014 492.00 37.00 14.12 26.83
000014 500.00 211.00 15.60 24.29
000014 503.00 207.00 13.81 27.44
000014 507.00 211.00 13.74 27.58
000014 514.00 207.00 12.15 31.19
000014 348.00 208.00 21.14 17.92
000014 528.00 186.00 11.04 34.32
000014 39.00 98.00 18.11 20.91
000014 531.00 183.00 10.51 36.05
000014 531.00 183.00 10.51 36.05
000014 532.00 177.00 11.21 33.79
000014 307.00 89.00 22.45 16.88
000014 544.00 184.00 12.58 30.11
000014 548.00 183.00 12.72 29.77
000014 548.00 199.00 12.89 29.38
000014 549.00 210.00 12.80 29.59
000014 344.00 166.00 21.07 17.98
000014 290.00 7.00 23.51 16.11
000014 309.00 68.00 23.14 16.37
000014 342.00 18.00 23.62 16.04
000014 338.00 109.00 20.70 18.30
000014 48.00 113.00 18.21 20.81
000014 337.00 190.00 21.60 17.54
000014 271.00 20.00 22.95 16.50
000014 51.00 105.00 18.40 20.58
000014 51.00 105.00 18.40 20.58
000014 271.00 20.00 22.95 16.50
000014 638.00 118.00 8.53 44.41
000014 327.00 32.00 22.59 16.77
000014 655.00 152.00 8.99 42.15
000014 311.00 214.00 22.01 17.21
000014 57.00 104.00 18.33 20.66
000014 311.00 122.00 22.57 16.79
000014 311.00 139.00 21.91 17.29
000014 658.00 36.00 8.63 43.92
000014 325.00 126.00 22.05 17.18
000014 684.00 196.00 12.30 30.80
000014 688.00 193.00 12.13 31.24
000014 689.00 188.00 12.00 31.58
000014 689.00 154.00 12.10 31.31
000014 689.00 154.00 12.10 31.31
000014 279.00 5.00 23.65 16.02
000014 690.00 179.00 12.07 31.39
000014 693.00 201.00 12.13 31.22
000014 280.00 172.00 22.31 16.98
000014 693.00 172.00 12.07 31.38
000014 694.00 187.00 11.99 31.60
000014 68.00 134.00 18.43 20.55
000014 68.00 134.00 18.43 20.55
000014 696.00 167.00 12.12 31.25
000014 696.00 167.00 12.12 31.25
000014 280.00 190.00 21.69 17.46
000014 696.00 163.00 11.89 31.86
000014 697.00 186.00 11.93 31.76
000014 698.00 204.00 12.13 31.23
000014 70.00 127.00 18.46 20.51
000014 373.00 126.00 20.97 18.06
000014 373.00 126.00 20.97 18.06
000014 373.00 195.00 19.81 19.12
000014 374.00 231.00 19.95 18.98
000014 376.00 209.00 20.44 18.54
000014 376.00 49.00 21.28 17.80
000014 379.00 219.00 19.83 19.10
000014 382.00 204.00 19.87 19.06
000014 384.00 133.00 21.12 17.94
000014 385.00 225.00 20.31 18.65
000014 298.00 119.00 22.61 16.75
000014 83.00 46.00 14.71 25.75
000014 391.00 226.00 19.24 19.68
000014 282.00 90.00 22.90 16.54
000014 84.00 85.00 17.02 22.26
000014 694.00 176.00 11.83 32.02
000014 694.00 184.00 12.07 31.37
000014 67.00 90.00 18.47 20.50
000014 393.00 117.00 20.85 18.17
000014 315.00 79.00 21.15 17.91
000014 693.00 192.00 12.07 31.38
000014 66.00 121.00 18.21 20.81
000014 243.00 159.00 22.43 16.88
000014 66.00 130.00 18.61 20.36
000014 300.00 180.00 23.59 16.06
000014 397.00 7.00 22.18 17.08
000014 314.00 176.00 22.56 16.79
000014 314.00 119.00 21.45 17.66
000014 313.00 87.00 20.78 18.22
000014 91.00 54.00 15.73 24.09
000014 245.00 161.00 22.98 16.48
000014 366.00 15.00 21.08 17.97
000014 95.00 50.00 15.77 24.02
000014 245.00 18.00 23.93 15.83
000014 682.00 161.00 11.80 32.11
000014 97.00 96.00 16.60 22.82
000014 218.00 162.00 22.88 16.56
000014 365.00 25.00 23.17 16.35
000014 423.00 19.00 21.47 17.64
000014 429.00 26.00 21.75 17.41
000014 104.00 54.00 15.51 24.42
000014 210.00 255.00 25.69 14.74
000014 302.00 62.00 23.44 16.16
000014 672.00 41.00 8.55 44.33
000014 672.00 41.00 8.55 44.33
000014 441.00 5.00 21.86 17.32
000014 364.00 209.00 20.92 18.11
000014 248.00 22.00 23.88 15.86
000014 445.00 212.00 17.68 21.42
000014 248.00 130.00 22.44 16.88
000014 455.00 211.00 21.36 17.73
000014 311.00 182.00 22.81 16.61
000014 272.00 123.00 23.56 16.08
000014 661.00 222.00 17.18 22.05
000014 660.00 65.00 8.72 43.46
000014 272.00 123.00 23.56 16.08
000014 25.00 86.00 17.73 21.36
000014 659.00 78.00 8.30 45.61
000014 117.00 104.00 17.26 21.95
000014 58.00 92.00 18.08 20.95
000014 199.00 110.00 22.25 17.03
000014 357.00 217.00 20.47 18.51
000014 123.00 113.00 16.08 23.56
000014 124.00 117.00 15.56 24.34
000014 294.00 125.00 22.67 16.71
000014 645.00 117.00 8.63 43.89
000014 127.00 102.00 16.98 22.31
000014 476.00 112.00 18.60 20.37
000014 638.00 84.00 8.29 45.69
000014 638.00 224.00 17.50 21.65
000014 637.00 235.00 20.13 18.81
000014 303.00 139.00 23.18 16.34
000014 478.00 116.00 17.85 21.22
000014 333.00 141.00 21.57 17.56
000014 333.00 141.00 21.57 17.56
000014 304.00 121.00 22.51 16.83
000014 629.00 203.00 10.43 36.32
000014 50.00 80.00 17.45 21.70
000014 626.00 124.00 8.85 42.81
000014 482.00 39.00 13.98 27.09
000014 351.00 37.00 23.55 16.09
000014 334.00 109.00 21.04 18.01
000014 485.00 59.00 13.44 28.19
000014 623.00 226.00 17.08 22.18
000014 49.00 60.00 18.03 21.01
000014 49.00 89.00 17.26 21.94
000014 338.00 60.00 18.71 20.25
000014 492.00 203.00 15.67 24.17
000014 493.00 65.00 13.66 27.72
000014 495.00 207.00 15.26 24.82
000014 33.00 117.00 18.60 20.36
000014 33.00 93.00 17.45 21.71
000014 340.00 193.00 21.49 17.63
000014 46.00 25.00 18.11 20.92
000014 46.00 25.00 18.11 20.92
000014 604.00 102.00 8.06 47.01
000014 349.00 14.00 23.18 16.34
000014 520.00 207.00 12.50 30.29
000014 265.00 15.00 23.83 15.90
000014 265.00 167.00 22.06 17.17
000014 592.00 46.00 8.24 45.96
000014 37.00 116.00 19.65 19.27
000014 574.00 176.00 11.51 32.91
000014 348.00 167.00 20.89 18.13
000014 348.00 167.00 20.89 18.13
000014 344.00 228.00 19.99 18.95
000014 344.00 112.00 20.88 18.14
000014 344.00 172.00 20.84 18.18
000014 558.00 198.00 11.76 32.21
000014 43.00 79.00 17.57 21.55
000014 538.00 198.00 11.84 31.99
000014 261.00 11.00 24.04 15.76
000014 261.00 200.00 21.72 17.44
000014 345.00 11.00 23.58 16.06
000014 551.00 202.00 12.91 29.33
000014 550.00 183.00 11.53 32.87
000014 548.00 206.00 12.51 30.28
000014 675.00 10.00 8.80 43.03
000014 675.00 10.00 8.80 43.03
000014 281.00 28.00 23.55 16.08
000014 321.00 183.00 22.31 16.98
000014 365.00 232.00 19.42 19.51
000014 276.00 167.00 21.48 17.64
000014 355.00 112.00 20.52 18.46
000014 403.00 214.00 19.66 19.27
000014 352.00 139.00 21.38 17.71
000014 633.00 115.00 8.28 45.74
000014 333.00 107.00 20.96 18.08
000014 398.00 207.00 19.46 19.47
000014 350.00 165.00 21.04 18.00
000014 349.00 233.00 20.59 18.40
000014 624.00 114.00 8.52 44.44
000014 612.00 41.00 8.08 46.90
000014 612.00 34.00 7.99 47.43
000014 675.00 36.00 7.78 48.67
000014 260.00 178.00 20.82 18.20
000014 350.00 71.00 20.86 18.16
000014 350.00 71.00 20.86 18.16
000014 339.00 159.00 21.34 17.75
000014 84.00 54.00 16.82 22.52
000014 670.00 30.00 8.05 47.08
000014 624.00 210.00 11.91 31.79
000014 243.00 135.00 22.43 16.89
000014 690.00 166.00 12.09 31.32
000014 630.00 110.00 7.71 49.15
000014 224.00 252.00 25.80 14.68
000014 90.00 44.00 16.14 23.47
000014 634.00 200.00 9.81 38.61
000014 369.00 121.00 20.43 18.54
000014 406.00 5.00 21.65 17.50
000014 24.00 74.00 17.37 21.80
000014 474.00 210.00 17.95 21.11
000014 357.00 174.00 20.93 18.10
000014 342.00 232.00 13.26 28.57
000014 406.00 130.00 20.34 18.62
000014 533.00 169.00 10.05 37.70
000014 406.00 130.00 20.34 18.62
000014 279.00 182.00 21.24 17.83
000014 180.00 131.00 15.47 24.48
000015 557.00 137.00 21.76 17.66
000015 558.00 116.00 21.76 17.67
000015 545.00 110.00 23.75 16.19
000015 568.00 68.00 20.29 18.94
000015 496.00 48.00 29.39 13.08
000015 493.00 118.00 27.97 13.74
000015 618.00 99.00 9.33 41.19
000015 625.00 195.00 9.48 40.53
000015 640.00 190.00 7.61 50.52
000015 172.00 88.00 39.18 9.81
000015 673.00 179.00 5.20 73.90
000015 680.00 186.00 5.59 68.71
000015 685.00 184.00 4.92 78.19
000015 424.00 191.00 27.22 14.12
000015 199.00 57.00 38.29 10.04
000015 201.00 51.00 38.15 10.07
000015 201.00 51.00 38.15 10.07
000015 203.00 55.00 38.25 10.05
000015 203.00 105.00 37.94 10.13
000015 207.00 53.00 38.09 10.09
000015 207.00 53.00 38.09 10.09
000015 213.00 62.00 38.22 10.06
000015 694.00 59.00 8.53 45.05
000015 694.00 59.00 8.53 45.05
000015 694.00 59.00 8.53 45.05
000015 221.00 264.00 32.76 11.73
000015 226.00 51.00 38.42 10.00
000015 226.00 51.00 38.42 10.00
000015 704.00 159.00 5.60 68.62
000015 709.00 177.00 5.20 73.98
000015 710.00 160.00 5.20 73.90
000015 711.00 122.00 4.87 78.99
000015 711.00 122.00 4.87 78.99
000015 858.00 6.00 8.46 45.43
000015 712.00 91.00 5.87 65.44
000015 238.00 53.00 38.20 10.06
000015 244.00 53.00 38.69 9.93
000015 718.00 164.00 4.87 78.91
000015 248.00 54.00 38.62 9.95
000015 248.00 54.00 38.62 9.95
000015 726.00 163.00 5.51 69.71
000015 259.00 106.00 38.86 9.89
000015 835.00 20.00 7.27 52.90
000015 737.00 158.00 6.15 62.50
000015 830.00 21.00 6.54 58.77
000015 830.00 21.00 6.54 58.77
000015 264.00 49.00 39.08 9.84
000015 830.00 21.00 6.44 59.71
000015 741.00 157.00 5.68 67.62
000015 266.00 55.00 38.75 9.92
000015 742.00 79.00 5.79 66.36
000015 266.00 63.00 38.66 9.94
000015 271.00 54.00 38.71 9.93
000015 744.00 76.00 5.72 67.16
000015 747.00 76.00 5.85 65.74
000015 274.00 112.00 38.41 10.01
000015 278.00 64.00 39.13 9.82
000015 280.00 106.00 39.07 9.84
000015 759.00 105.00 6.85 56.09
000015 283.00 112.00 38.51 9.98
000015 760.00 142.00 5.15 74.66
000015 760.00 65.00 7.50 51.25
000015 808.00 32.00 8.53 45.05
000015 285.00 53.00 38.96 9.87
000015 285.00 59.00 39.13 9.82
000015 808.00 50.00 9.52 40.37
000015 807.00 45.00 8.64 44.47
000015 807.00 45.00 8.64 44.47
000015 803.00 53.00 11.32 33.96
000015 802.00 49.00 9.68 39.69
000015 764.00 73.00 6.53 58.84
000015 289.00 105.00 39.29 9.78
000015 767.00 94.00 7.50 51.26
000015 768.00 60.00 6.77 56.74
000015 292.00 46.00 38.80 9.91
000015 795.00 48.00 8.22 46.76
000015 795.00 48.00 8.22 46.76
000015 770.00 82.00 6.90 55.71
000015 294.00 84.00 39.26 9.79
000015 772.00 63.00 6.62 58.02
000015 794.00 57.00 10.44 36.81
000015 336.00 89.00 35.46 10.84
000015 774.00 78.00 8.37 45.92
000015 779.00 46.00 5.94 64.72
000015 779.00 52.00 5.45 70.54
000015 789.00 57.00 8.74 43.97
000015 789.00 56.00 8.73 44.04
000015 788.00 49.00 8.04 47.78
000015 787.00 56.00 8.81 43.61
000015 321.00 113.00 39.54 9.72
000015 321.00 122.00 39.55 9.72
000015 570.00 72.00 20.27 18.96
000015 309.00 73.00 38.76 9.92
000015 184.00 195.00 33.96 11.32
000015 329.00 94.00 35.61 10.79
000015 728.00 99.00 5.25 73.22
000015 728.00 80.00 5.24 73.39
000015 606.00 101.00 8.07 47.65
000015 801.00 59.00 10.54 36.47
000015 279.00 81.00 39.03 9.85
000015 478.00 71.00 33.74 11.39
000015 823.00 44.00 10.33 37.22
